image: ./ground_truth3.pgm
resolution: 0.100000
origin: [-51.164, -35.2, 0.000000]
negate: 0
occupied_thresh: 0.65
free_thresh: 0.196
